5.55E-01
5.55E-01
5.50E-01
5.57E-01
5.63E-01
5.87E-01
6.28E-01
6.62E-01
6.86E-01
7.18E-01
7.86E-01
8.23E-01
8.41E-01
8.53E-01
8.64E-01
8.73E-01
8.81E-01
8.89E-01
8.94E-01
9.00E-01
9.06E-01
9.11E-01
9.16E-01
9.22E-01
9.27E-01
9.32E-01
9.38E-01
9.43E-01
9.48E-01
9.53E-01
9.58E-01
9.64E-01
9.69E-01
9.74E-01
9.79E-01
9.84E-01
9.79E-01
9.84E-01
9.89E-01
9.94E-01
9.98E-01
1.00E+00
9.96E-01
9.97E-01
1.00E+00
1.00E+00
1.01E+00
1.01E+00
1.00E+00
9.97E-01
9.92E-01
9.94E-01
1.00E+00
1.00E+00
1.01E+00
1.01E+00
1.01E+00
1.01E+00
1.01E+00
1.01E+00
1.01E+00
1.01E+00
1.01E+00
1.00E+00
1.00E+00
1.01E+00
1.01E+00
1.01E+00
1.01E+00
1.01E+00
1.01E+00
1.01E+00
1.01E+00
1.01E+00
1.00E+00
1.00E+00
1.00E+00
1.01E+00
1.01E+00
1.01E+00
1.01E+00
1.01E+00
1.01E+00
9.94E-01
9.90E-01
1.00E+00
1.01E+00
1.01E+00
1.01E+00
1.01E+00
1.01E+00
1.01E+00
1.01E+00
1.01E+00
1.01E+00
1.01E+00
1.01E+00
1.01E+00
1.01E+00
1.01E+00
1.01E+00
1.00E+00
9.53E-01
9.45E-01
9.54E-01
9.54E-01
9.51E-01
9.49E-01
9.54E-01
9.53E-01
9.25E-01
9.24E-01
9.24E-01
9.25E-01
9.24E-01
9.25E-01
9.24E-01
9.25E-01
9.00E-01
9.00E-01
9.00E-01
9.00E-01
8.99E-01
9.00E-01
8.99E-01
8.99E-01
8.75E-01
8.75E-01
8.75E-01
8.75E-01
8.75E-01
8.75E-01
8.75E-01
8.75E-01
8.50E-01
8.50E-01
8.50E-01
8.50E-01
8.50E-01
8.50E-01
8.50E-01
8.50E-01
8.26E-01
8.25E-01
8.25E-01
8.25E-01
8.25E-01
8.25E-01
8.25E-01
8.25E-01
8.02E-01
8.00E-01
8.02E-01
8.01E-01
8.00E-01
7.99E-01
7.99E-01
7.99E-01
7.77E-01
7.75E-01
7.74E-01
7.74E-01
7.74E-01
7.74E-01
7.74E-01
7.74E-01
7.52E-01
7.50E-01
7.50E-01
7.49E-01
7.49E-01
7.49E-01
7.49E-01
7.49E-01
7.31E-01
7.28E-01
7.25E-01
7.23E-01
7.23E-01
7.23E-01
7.23E-01
7.24E-01
7.03E-01
7.00E-01
7.00E-01
6.99E-01
6.99E-01
6.99E-01
6.99E-01
6.99E-01
6.51E-01
6.50E-01
6.50E-01
6.50E-01
6.50E-01
6.50E-01
6.50E-01
6.50E-01
6.50E-01
6.00E-01
6.00E-01
6.00E-01
6.00E-01
6.00E-01
6.00E-01
6.00E-01
6.00E-01
5.50E-01
5.49E-01
5.49E-01
5.49E-01
5.49E-01
5.49E-01
5.49E-01
5.49E-01
5.00E-01
5.00E-01
4.99E-01
5.00E-01
4.99E-01
4.99E-01
4.99E-01
4.99E-01
4.50E-01
4.50E-01
4.50E-01
4.50E-01
4.49E-01
4.49E-01
4.49E-01
4.49E-01
4.00E-01
4.00E-01
4.00E-01
4.00E-01
4.00E-01
4.00E-01
4.00E-01
4.00E-01
3.49E-01
3.50E-01
3.49E-01
3.49E-01
3.50E-01
3.49E-01
3.49E-01
3.49E-01
2.99E-01
2.99E-01
2.99E-01
2.99E-01
2.99E-01
2.99E-01
2.99E-01
2.99E-01
2.50E-01
2.50E-01
2.50E-01
2.50E-01
2.49E-01
2.50E-01
2.50E-01
2.50E-01
2.00E-01
2.00E-01
2.00E-01
2.00E-01
2.00E-01
2.00E-01
2.00E-01
2.00E-01
9.58E-01
9.75E-01
9.82E-01
9.89E-01
9.94E-01
9.97E-01
9.99E-01
1.00E+00
1.00E+00
1.00E+00
1.00E+00
1.00E+00
1.00E+00
1.00E+00
1.00E+00
1.00E+00
1.00E+00
1.00E+00
1.00E+00
9.96E-01
9.98E-01
1.00E+00
9.95E-01
9.95E-01
9.97E-01
9.99E-01
1.00E+00
1.00E+00
1.00E+00
1.00E+00
9.55E-01
9.42E-01
9.47E-01
9.44E-01
9.54E-01
9.43E-01
9.51E-01
9.41E-01
9.35E-01
9.20E-01
9.22E-01
9.20E-01
9.27E-01
9.22E-01
9.28E-01
9.19E-01
9.26E-01
8.99E-01
9.00E-01
9.00E-01
9.00E-01
8.99E-01
9.00E-01
9.00E-01
9.00E-01
8.75E-01
8.75E-01
8.75E-01
8.75E-01
8.75E-01
8.75E-01
8.75E-01
8.75E-01
8.50E-01
8.50E-01
8.50E-01
8.49E-01
8.49E-01
8.50E-01
8.50E-01
8.50E-01
8.25E-01
8.25E-01
8.25E-01
8.25E-01
8.25E-01
8.25E-01
8.25E-01
8.25E-01
8.01E-01
8.00E-01
8.00E-01
8.00E-01
8.00E-01
8.00E-01
8.00E-01
8.00E-01
7.75E-01
7.75E-01
7.74E-01
7.74E-01
7.74E-01
7.74E-01
7.74E-01
7.74E-01
7.51E-01
7.50E-01
7.49E-01
7.49E-01
7.49E-01
7.49E-01
7.49E-01
7.49E-01
7.26E-01
7.25E-01
7.24E-01
7.25E-01
7.24E-01
7.24E-01
7.24E-01
7.24E-01
7.02E-01
7.00E-01
7.00E-01
7.00E-01
7.02E-01
7.03E-01
7.01E-01
6.99E-01
6.49E-01
6.49E-01
6.50E-01
6.50E-01
6.50E-01
6.50E-01
6.50E-01
6.50E-01
6.00E-01
6.00E-01
6.00E-01
6.00E-01
6.00E-01
6.00E-01
6.00E-01
6.00E-01
5.50E-01
5.49E-01
5.49E-01
5.49E-01
5.49E-01
5.49E-01
5.49E-01
5.49E-01
5.49E-01
5.00E-01
5.00E-01
4.99E-01
4.99E-01
4.99E-01
5.00E-01
4.99E-01
4.99E-01
4.49E-01
4.50E-01
4.50E-01
4.50E-01
4.49E-01
4.50E-01
4.49E-01
4.49E-01
4.00E-01
4.00E-01
4.00E-01
4.00E-01
4.00E-01
4.00E-01
4.00E-01
4.00E-01
3.49E-01
3.49E-01
3.49E-01
3.49E-01
3.49E-01
3.49E-01
3.49E-01
3.49E-01
2.99E-01
2.99E-01
2.99E-01
2.99E-01
2.99E-01
2.99E-01
2.99E-01
2.99E-01
2.49E-01
2.49E-01
2.49E-01
2.50E-01
2.50E-01
2.49E-01
2.50E-01
2.50E-01
2.00E-01
2.00E-01
2.01E-01
2.00E-01
2.00E-01
2.00E-01
2.00E-01
2.00E-01
2.00E-01
2.54E-01
3.81E-01
9.07E-01
9.23E-01
9.31E-01
9.37E-01
9.42E-01
9.47E-01
9.52E-01
9.57E-01
9.62E-01
9.68E-01
9.71E-01
