1
1, 0.555
2, 0.55
3, 0.557
4, 0.563
5, 0.587
6, 0.628
7, 0.662
8, 0.686
9, 0.718
10, 0.786
11, 0.823
12, 0.841
13, 0.853
14, 0.864
15, 0.873
16, 0.881
17, 0.889
18, 0.894
19, 0.9
20, 0.906
21, 0.911
22, 0.916
23, 0.922
24, 0.927
25, 0.932
26, 0.938
27, 0.943
28, 0.948
29, 0.953
30, 0.958
31, 0.964
32, 0.969
33, 0.974
34, 0.979
35, 0.984
36, 0.979
37, 0.984
38, 0.989
39, 0.994
41
41, 0.999
43
44
45
45, 0.998
47
47, 1.01
49
49, 0.998
51
51, 0.993
53
53, 1.0
55
56
57
58
59
60
61
62
62, 1.01
64
64, 1.0
66
67
68
69
70
71
72
73
73, 1.01
75
76
76, 1.0
78
79
80
81
82
82, 1.01
83, 0.994
84, 0.99
85, 1.0
87
88
89
90
91
92
93
94
95
96
97
98
99
100
100, 1.01
101, 1.0
102, 0.953
103, 0.945
105
106
107
107, 0.952
109
109, 0.954
111
112
113
114
115
116
117
117, 0.925
119
120
121
122
123
124
125
125, 0.9
127
128
129
130
131
132
133
133, 0.875
135
136
137
138
139
140
141
141, 0.85
143
144
145
146
147
148
149
149, 0.825
151
152
153
154
155
156
157
157, 0.8
159
160
161
162
163
164
165
165, 0.774
167
168
169
170
171
172
173
173, 0.75
175
176
177
178
179
180
181
181, 0.725
183
184
185
186
187
188
189
189, 0.7
191
192
193
194
195
196
197
198
198, 0.65
200
201
202
203
204
205
206
206, 0.6
208
209
210
211
212
213
214
214, 0.549
216
217
218
219
220
221
222
222, 0.499
224
225
226
227
228
229
230
230, 0.45
232
233
234
235
236
237
238
238, 0.4
240
241
242
243
244
245
246
246, 0.349
248
249
250
251
252
253
254
254, 0.299
256
257
258
259
260
261
262
262, 0.25
264
265
266
267
268
269
270
270, 0.2
271, 0.958
272, 0.975
273, 0.982
274, 0.989
276
277
278
279
280
281
282
283
284
285
286
287
288
289
289, 0.999
291
292
292, 0.998
294
295
296
297
298
299
300
300, 0.998
301, 0.955
302, 0.942
304
304, 0.946
305, 0.954
306, 0.943
307, 0.951
308, 0.941
309, 0.935
311
312
312, 0.921
313, 0.927
314, 0.922
315, 0.928
316, 0.919
317, 0.926
319
320
321
322
323
324
325
325, 0.9
327
328
329
330
331
332
333
333, 0.875
335
336
337
338
339
340
341
341, 0.85
343
344
345
346
347
348
349
349, 0.825
351
352
353
354
355
356
357
357, 0.8
359
360
361
362
363
364
365
365, 0.774
367
368
369
370
371
372
373
373, 0.749
375
376
377
378
379
380
381
381, 0.724
383
384
385
386
387
388
389
389, 0.701
391
392
393
394
395
396
397
397, 0.65
399
400
401
402
403
404
405
405, 0.6
407
408
409
410
411
412
413
414
414, 0.549
416
417
418
419
420
421
422
422, 0.499
424
425
426
427
428
429
430
430, 0.45
432
433
434
435
436
437
438
438, 0.4
440
441
442
443
444
445
446
446, 0.349
448
449
450
451
452
453
454
454, 0.299
456
457
458
459
460
461
462
462, 0.249
464
465
466
467
468
469
470
471
471, 0.2
472, 0.254
473, 0.381
474, 0.907
475, 0.923
476, 0.931
477, 0.937
478, 0.942
479, 0.947
480, 0.952
481, 0.957
482, 0.962
484